340282300000000000000000000000000000000.0 340282300000000000000000000000000000000.0 340282300000000000000000000000000000000.0 340282300000000000000000000000000000000.0 0 0.0 0.5
340282300000000000000000000000000000000.0 340282300000000000000000000000000000000.0 340282300000000000000000000000000000000.0 340282300000000000000000000000000000000.0 0 0.0 0.5
340282300000000000000000000000000000000.0 340282300000000000000000000000000000000.0 340282300000000000000000000000000000000.0 340282300000000000000000000000000000000.0 0 0.0 0.5
340282300000000000000000000000000000000.0 340282300000000000000000000000000000000.0 340282300000000000000000000000000000000.0 340282300000000000000000000000000000000.0 0 0.0 0.5
340282300000000000000000000000000000000.0 340282300000000000000000000000000000000.0 340282300000000000000000000000000000000.0 340282300000000000000000000000000000000.0 0 0.0 0.5
340282300000000000000000000000000000000.0 340282300000000000000000000000000000000.0 340282300000000000000000000000000000000.0 340282300000000000000000000000000000000.0 0 0.0 1.0
340282300000000000000000000000000000000.0 340282300000000000000000000000000000000.0 340282300000000000000000000000000000000.0 340282300000000000000000000000000000000.0 0 1.0 1.0
340282300000000000000000000000000000000.0 340282300000000000000000000000000000000.0 340282300000000000000000000000000000000.0 340282300000000000000000000000000000000.0 0 1.0 1.0
340282300000000000000000000000000000000.0 340282300000000000000000000000000000000.0 340282300000000000000000000000000000000.0 340282300000000000000000000000000000000.0 0 1.0 1.0
340282300000000000000000000000000000000.0 340282300000000000000000000000000000000.0 340282300000000000000000000000000000000.0 340282300000000000000000000000000000000.0 0 1.0 1.0
340282300000000000000000000000000000000.0 340282300000000000000000000000000000000.0 340282300000000000000000000000000000000.0 340282300000000000000000000000000000000.0 0 1.0 1.0
340282300000000000000000000000000000000.0 340282300000000000000000000000000000000.0 340282300000000000000000000000000000000.0 340282300000000000000000000000000000000.0 0 1.0 1.0
340282300000000000000000000000000000000.0 340282300000000000000000000000000000000.0 340282300000000000000000000000000000000.0 340282300000000000000000000000000000000.0 0 1.0 1.0
340282300000000000000000000000000000000.0 340282300000000000000000000000000000000.0 340282300000000000000000000000000000000.0 340282300000000000000000000000000000000.0 0 1.0 1.0
340282300000000000000000000000000000000.0 340282300000000000000000000000000000000.0 340282300000000000000000000000000000000.0 340282300000000000000000000000000000000.0 0 1.0 1.0
340282300000000000000000000000000000000.0 340282300000000000000000000000000000000.0 340282300000000000000000000000000000000.0 340282300000000000000000000000000000000.0 0 1.0 1.0
340282300000000000000000000000000000000.0 340282300000000000000000000000000000000.0 340282300000000000000000000000000000000.0 340282300000000000000000000000000000000.0 0 1.0 1.0
340282300000000000000000000000000000000.0 340282300000000000000000000000000000000.0 340282300000000000000000000000000000000.0 340282300000000000000000000000000000000.0 0 1.0 1.0
340282300000000000000000000000000000000.0 340282300000000000000000000000000000000.0 340282300000000000000000000000000000000.0 340282300000000000000000000000000000000.0 0 1.0 1.0
340282300000000000000000000000000000000.0 340282300000000000000000000000000000000.0 340282300000000000000000000000000000000.0 340282300000000000000000000000000000000.0 0 1.0 1.0
340282300000000000000000000000000000000.0 340282300000000000000000000000000000000.0 340282300000000000000000000000000000000.0 340282300000000000000000000000000000000.0 0 1.0 1.0
340282300000000000000000000000000000000.0 340282300000000000000000000000000000000.0 340282300000000000000000000000000000000.0 340282300000000000000000000000000000000.0 0 1.0 1.0
340282300000000000000000000000000000000.0 340282300000000000000000000000000000000.0 340282300000000000000000000000000000000.0 340282300000000000000000000000000000000.0 0 1.0 1.0
340282300000000000000000000000000000000.0 340282300000000000000000000000000000000.0 340282300000000000000000000000000000000.0 340282300000000000000000000000000000000.0 0 1.0 1.0
340282300000000000000000000000000000000.0 340282300000000000000000000000000000000.0 340282300000000000000000000000000000000.0 340282300000000000000000000000000000000.0 0 1.0 1.0
340282300000000000000000000000000000000.0 340282300000000000000000000000000000000.0 340282300000000000000000000000000000000.0 340282300000000000000000000000000000000.0 0 1.0 1.0
340282300000000000000000000000000000000.0 340282300000000000000000000000000000000.0 340282300000000000000000000000000000000.0 340282300000000000000000000000000000000.0 0 1.0 1.0
340282300000000000000000000000000000000.0 340282300000000000000000000000000000000.0 340282300000000000000000000000000000000.0 340282300000000000000000000000000000000.0 0 1.0 1.0
340282300000000000000000000000000000000.0 340282300000000000000000000000000000000.0 340282300000000000000000000000000000000.0 340282300000000000000000000000000000000.0 0 1.0 1.0
340282300000000000000000000000000000000.0 340282300000000000000000000000000000000.0 340282300000000000000000000000000000000.0 340282300000000000000000000000000000000.0 0 1.0 0.5
340282300000000000000000000000000000000.0 340282300000000000000000000000000000000.0 340282300000000000000000000000000000000.0 340282300000000000000000000000000000000.0 0 1.0 0.5
340282300000000000000000000000000000000.0 340282300000000000000000000000000000000.0 340282300000000000000000000000000000000.0 340282300000000000000000000000000000000.0 0 1.0 0.5
340282300000000000000000000000000000000.0 340282300000000000000000000000000000000.0 340282300000000000000000000000000000000.0 340282300000000000000000000000000000000.0 0 1.0 0.5
340282300000000000000000000000000000000.0 340282300000000000000000000000000000000.0 340282300000000000000000000000000000000.0 340282300000000000000000000000000000000.0 0 1.0 0.5
340282300000000000000000000000000000000.0 340282300000000000000000000000000000000.0 340282300000000000000000000000000000000.0 340282300000000000000000000000000000000.0 0 1.0 0.5
340282300000000000000000000000000000000.0 340282300000000000000000000000000000000.0 340282300000000000000000000000000000000.0 340282300000000000000000000000000000000.0 0 1.0 0.5
340282300000000000000000000000000000000.0 340282300000000000000000000000000000000.0 340282300000000000000000000000000000000.0 340282300000000000000000000000000000000.0 0 1.0 0.5
340282300000000000000000000000000000000.0 340282300000000000000000000000000000000.0 340282300000000000000000000000000000000.0 340282300000000000000000000000000000000.0 0 1.0 1.0
340282300000000000000000000000000000000.0 340282300000000000000000000000000000000.0 340282300000000000000000000000000000000.0 340282300000000000000000000000000000000.0 0 1.0 1.0
340282300000000000000000000000000000000.0 340282300000000000000000000000000000000.0 340282300000000000000000000000000000000.0 340282300000000000000000000000000000000.0 0 1.0 1.0
340282300000000000000000000000000000000.0 4.5 340282300000000000000000000000000000000.0 340282300000000000000000000000000000000.0 0 1.0 0.5
340282300000000000000000000000000000000.0 4.4 340282300000000000000000000000000000000.0 340282300000000000000000000000000000000.0 0 1.0 0.5
340282300000000000000000000000000000000.0 4.3 340282300000000000000000000000000000000.0 340282300000000000000000000000000000000.0 0 1.0 0.5
340282300000000000000000000000000000000.0 4.3 340282300000000000000000000000000000000.0 340282300000000000000000000000000000000.0 0 1.0 0.5
340282300000000000000000000000000000000.0 4.2 340282300000000000000000000000000000000.0 340282300000000000000000000000000000000.0 0 1.0 0.5
340282300000000000000000000000000000000.0 4.1 340282300000000000000000000000000000000.0 340282300000000000000000000000000000000.0 0 1.0 0.5
340282300000000000000000000000000000000.0 4.1 340282300000000000000000000000000000000.0 340282300000000000000000000000000000000.0 0 1.0 0.5
340282300000000000000000000000000000000.0 4.0 340282300000000000000000000000000000000.0 340282300000000000000000000000000000000.0 0 1.0 1.0
340282300000000000000000000000000000000.0 3.9 340282300000000000000000000000000000000.0 340282300000000000000000000000000000000.0 0 1.0 1.0
340282300000000000000000000000000000000.0 3.9 340282300000000000000000000000000000000.0 340282300000000000000000000000000000000.0 0 1.0 1.0
340282300000000000000000000000000000000.0 3.8 340282300000000000000000000000000000000.0 340282300000000000000000000000000000000.0 0 1.0 0.5
340282300000000000000000000000000000000.0 3.7 340282300000000000000000000000000000000.0 340282300000000000000000000000000000000.0 0 1.0 0.5
340282300000000000000000000000000000000.0 3.6 340282300000000000000000000000000000000.0 340282300000000000000000000000000000000.0 0 1.0 0.5
340282300000000000000000000000000000000.0 3.6 340282300000000000000000000000000000000.0 340282300000000000000000000000000000000.0 0 1.0 0.5
340282300000000000000000000000000000000.0 3.5 340282300000000000000000000000000000000.0 340282300000000000000000000000000000000.0 0 1.0 0.5
340282300000000000000000000000000000000.0 3.5 340282300000000000000000000000000000000.0 340282300000000000000000000000000000000.0 0 1.0 0.5
340282300000000000000000000000000000000.0 3.4 340282300000000000000000000000000000000.0 340282300000000000000000000000000000000.0 0 1.0 0.5
340282300000000000000000000000000000000.0 3.3 340282300000000000000000000000000000000.0 340282300000000000000000000000000000000.0 0 1.0 0.5
340282300000000000000000000000000000000.0 3.2 340282300000000000000000000000000000000.0 1.9 359.8016 1.0 0.5
340282300000000000000000000000000000000.0 3.2 340282300000000000000000000000000000000.0 1.9 359.7948 1.0 0.5
340282300000000000000000000000000000000.0 3.1 340282300000000000000000000000000000000.0 1.8 359.7875 1.0 0.5
340282300000000000000000000000000000000.0 3.0 340282300000000000000000000000000000000.0 1.7 359.7777 1.0 0.5
340282300000000000000000000000000000000.0 3.0 340282300000000000000000000000000000000.0 1.7 359.7692 1.0 0.5
340282300000000000000000000000000000000.0 2.9 340282300000000000000000000000000000000.0 1.6 359.7599 1.0 0.5
340282300000000000000000000000000000000.0 2.8 340282300000000000000000000000000000000.0 1.5 359.7499 1.0 0.5
340282300000000000000000000000000000000.0 2.8 340282300000000000000000000000000000000.0 1.5 359.739 1.0 0.5
340282300000000000000000000000000000000.0 2.7 340282300000000000000000000000000000000.0 1.4 359.7241 1.0 0.5
340282300000000000000000000000000000000.0 2.6 340282300000000000000000000000000000000.0 1.3 359.7108 1.0 0.5
340282300000000000000000000000000000000.0 2.6 340282300000000000000000000000000000000.0 1.3 359.6961 1.0 0.5
340282300000000000000000000000000000000.0 2.5 340282300000000000000000000000000000000.0 1.2 359.6799 1.0 0.5
340282300000000000000000000000000000000.0 2.4 340282300000000000000000000000000000000.0 1.1 359.6619 1.0 0.5
340282300000000000000000000000000000000.0 2.4 340282300000000000000000000000000000000.0 1.1 359.6362 1.0 0.5
340282300000000000000000000000000000000.0 2.3 340282300000000000000000000000000000000.0 1.0 359.6128 1.0 0.5
340282300000000000000000000000000000000.0 2.2 340282300000000000000000000000000000000.0 0.9 359.586 1.0 0.5
340282300000000000000000000000000000000.0 2.2 340282300000000000000000000000000000000.0 0.9 359.5554 1.0 0.5
340282300000000000000000000000000000000.0 2.1 3.0 0.8 359.51 1.0 0.5
340282300000000000000000000000000000000.0 2.0 2.9 0.7 359.4664 1.0 0.5
340282300000000000000000000000000000000.0 2.0 2.8 0.7 359.4143 1.0 0.5
340282300000000000000000000000000000000.0 1.9 2.8 0.6 359.3554 1.0 0.5
340282300000000000000000000000000000000.0 1.9 2.7 0.6 359.3012 1.0 0.5
340282300000000000000000000000000000000.0 1.8 2.7 0.5 359.2529 1.0 0.5
340282300000000000000000000000000000000.0 1.8 2.6 0.5 359.238 1.0 0.5
340282300000000000000000000000000000000.0 1.8 2.6 0.5 359.1362 0.0 0.0
340282300000000000000000000000000000000.0 1.8 2.6 0.5 358.2263 0.0 0.0
340282300000000000000000000000000000000.0 1.8 2.5 0.5 355.699 0.0 0.0
340282300000000000000000000000000000000.0 1.8 2.4 0.5 352.5651 0.0 0.0
340282300000000000000000000000000000000.0 1.9 2.2 0.5 348.6948 0.0 0.0
340282300000000000000000000000000000000.0 1.9 2.1 0.5 344.6948 0.0 0.0
340282300000000000000000000000000000000.0 2.0 2.0 0.5 340.6093 1.0 0.0
