0.0 0.0 0.0 0.0 0 0.0 0.5
340282300000000000000000000000000000000.0 340282300000000000000000000000000000000.0 340282300000000000000000000000000000000.0 1.2 304.5948 1.0 0.5
340282300000000000000000000000000000000.0 340282300000000000000000000000000000000.0 340282300000000000000000000000000000000.0 1.2 302.035 1.0 0.5
340282300000000000000000000000000000000.0 340282300000000000000000000000000000000.0 340282300000000000000000000000000000000.0 1.1 297.911 1.0 0.5
340282300000000000000000000000000000000.0 340282300000000000000000000000000000000.0 340282300000000000000000000000000000000.0 1.1 294.2144 1.0 0.5
340282300000000000000000000000000000000.0 340282300000000000000000000000000000000.0 340282300000000000000000000000000000000.0 1.1 290.2904 1.0 0.5
340282300000000000000000000000000000000.0 340282300000000000000000000000000000000.0 340282300000000000000000000000000000000.0 1.0 284.4518 1.0 0.5
340282300000000000000000000000000000000.0 340282300000000000000000000000000000000.0 340282300000000000000000000000000000000.0 1.0 280.0774 1.0 0.5
340282300000000000000000000000000000000.0 340282300000000000000000000000000000000.0 340282300000000000000000000000000000000.0 1.0 276.4878 1.0 0.5
340282300000000000000000000000000000000.0 340282300000000000000000000000000000000.0 340282300000000000000000000000000000000.0 1.0 272.8464 1.0 0.5
340282300000000000000000000000000000000.0 340282300000000000000000000000000000000.0 340282300000000000000000000000000000000.0 1.0 269.1819 1.0 0.5
340282300000000000000000000000000000000.0 340282300000000000000000000000000000000.0 340282300000000000000000000000000000000.0 1.0 266.2154 1.0 1.0
340282300000000000000000000000000000000.0 340282300000000000000000000000000000000.0 340282300000000000000000000000000000000.0 1.0 264.2033 1.0 1.0
340282300000000000000000000000000000000.0 340282300000000000000000000000000000000.0 340282300000000000000000000000000000000.0 1.0 263.1558 1.0 1.0
340282300000000000000000000000000000000.0 340282300000000000000000000000000000000.0 340282300000000000000000000000000000000.0 1.0 263.3033 1.0 1.0
340282300000000000000000000000000000000.0 340282300000000000000000000000000000000.0 340282300000000000000000000000000000000.0 1.0 263.7699 1.0 1.0
340282300000000000000000000000000000000.0 340282300000000000000000000000000000000.0 340282300000000000000000000000000000000.0 1.0 264.2586 1.0 1.0
340282300000000000000000000000000000000.0 340282300000000000000000000000000000000.0 340282300000000000000000000000000000000.0 1.1 264.8975 1.0 1.0
340282300000000000000000000000000000000.0 340282300000000000000000000000000000000.0 2.4 1.1 265.4285 1.0 1.0
340282300000000000000000000000000000000.0 340282300000000000000000000000000000000.0 2.3 1.1 265.9752 1.0 1.0
340282300000000000000000000000000000000.0 340282300000000000000000000000000000000.0 2.2 1.1 266.6778 1.0 1.0
340282300000000000000000000000000000000.0 340282300000000000000000000000000000000.0 2.1 1.1 267.2529 1.0 1.0
340282300000000000000000000000000000000.0 340282300000000000000000000000000000000.0 2.1 1.1 267.6906 1.0 1.0
340282300000000000000000000000000000000.0 340282300000000000000000000000000000000.0 2.0 1.1 268.4301 1.0 1.0
340282300000000000000000000000000000000.0 340282300000000000000000000000000000000.0 2.0 1.1 268.0287 1.0 0.5
340282300000000000000000000000000000000.0 340282300000000000000000000000000000000.0 1.9 1.1 263.9802 1.0 0.0
340282300000000000000000000000000000000.0 340282300000000000000000000000000000000.0 1.9 1.1 259.0216 1.0 0.0
340282300000000000000000000000000000000.0 340282300000000000000000000000000000000.0 1.8 1.1 253.1982 1.0 0.0
340282300000000000000000000000000000000.0 340282300000000000000000000000000000000.0 1.8 1.1 246.5953 1.0 0.0
340282300000000000000000000000000000000.0 340282300000000000000000000000000000000.0 1.8 1.2 239.7193 1.0 0.0
340282300000000000000000000000000000000.0 340282300000000000000000000000000000000.0 340282300000000000000000000000000000000.0 1.2 231.4928 1.0 0.0
340282300000000000000000000000000000000.0 340282300000000000000000000000000000000.0 340282300000000000000000000000000000000.0 1.2 225.2338 1.0 0.0
340282300000000000000000000000000000000.0 340282300000000000000000000000000000000.0 340282300000000000000000000000000000000.0 1.3 219.2693 1.0 0.0
340282300000000000000000000000000000000.0 340282300000000000000000000000000000000.0 340282300000000000000000000000000000000.0 1.4 212.2209 1.0 0.0
340282300000000000000000000000000000000.0 340282300000000000000000000000000000000.0 340282300000000000000000000000000000000.0 1.4 206.8928 1.0 0.0
340282300000000000000000000000000000000.0 340282300000000000000000000000000000000.0 340282300000000000000000000000000000000.0 1.5 203.0667 1.0 0.0
340282300000000000000000000000000000000.0 340282300000000000000000000000000000000.0 340282300000000000000000000000000000000.0 1.5 196.989 1.0 0.0
340282300000000000000000000000000000000.0 340282300000000000000000000000000000000.0 340282300000000000000000000000000000000.0 1.6 192.3734 1.0 0.0
340282300000000000000000000000000000000.0 340282300000000000000000000000000000000.0 340282300000000000000000000000000000000.0 1.7 186.879 1.0 0.0
340282300000000000000000000000000000000.0 340282300000000000000000000000000000000.0 340282300000000000000000000000000000000.0 1.7 183.7149 1.0 0.0
340282300000000000000000000000000000000.0 340282300000000000000000000000000000000.0 340282300000000000000000000000000000000.0 1.8 178.6386 1.0 0.0
340282300000000000000000000000000000000.0 340282300000000000000000000000000000000.0 340282300000000000000000000000000000000.0 1.9 174.737 1.0 0.0
340282300000000000000000000000000000000.0 340282300000000000000000000000000000000.0 340282300000000000000000000000000000000.0 1.9 170.9614 1.0 0.0
340282300000000000000000000000000000000.0 340282300000000000000000000000000000000.0 340282300000000000000000000000000000000.0 2.0 167.2988 1.0 0.0
340282300000000000000000000000000000000.0 340282300000000000000000000000000000000.0 340282300000000000000000000000000000000.0 2.0 167.2988 1.0 0.0
340282300000000000000000000000000000000.0 340282300000000000000000000000000000000.0 340282300000000000000000000000000000000.0 2.0 167.2988 1.0 0.0
340282300000000000000000000000000000000.0 340282300000000000000000000000000000000.0 340282300000000000000000000000000000000.0 2.0 167.2988 1.0 0.0
340282300000000000000000000000000000000.0 340282300000000000000000000000000000000.0 340282300000000000000000000000000000000.0 2.0 167.2988 1.0 0.0
340282300000000000000000000000000000000.0 340282300000000000000000000000000000000.0 340282300000000000000000000000000000000.0 2.0 167.2988 1.0 0.0
340282300000000000000000000000000000000.0 340282300000000000000000000000000000000.0 340282300000000000000000000000000000000.0 2.0 167.2988 1.0 0.0
340282300000000000000000000000000000000.0 340282300000000000000000000000000000000.0 340282300000000000000000000000000000000.0 2.0 167.2988 1.0 0.0
340282300000000000000000000000000000000.0 340282300000000000000000000000000000000.0 340282300000000000000000000000000000000.0 2.0 167.2988 1.0 0.0
340282300000000000000000000000000000000.0 340282300000000000000000000000000000000.0 340282300000000000000000000000000000000.0 2.0 167.2988 1.0 0.0
340282300000000000000000000000000000000.0 340282300000000000000000000000000000000.0 340282300000000000000000000000000000000.0 2.0 167.2988 1.0 0.0
340282300000000000000000000000000000000.0 340282300000000000000000000000000000000.0 340282300000000000000000000000000000000.0 2.0 167.2988 1.0 0.0
340282300000000000000000000000000000000.0 340282300000000000000000000000000000000.0 340282300000000000000000000000000000000.0 2.0 167.2988 1.0 0.0
340282300000000000000000000000000000000.0 340282300000000000000000000000000000000.0 340282300000000000000000000000000000000.0 2.0 167.2988 1.0 0.0
340282300000000000000000000000000000000.0 340282300000000000000000000000000000000.0 340282300000000000000000000000000000000.0 2.0 167.2988 1.0 0.0
340282300000000000000000000000000000000.0 340282300000000000000000000000000000000.0 340282300000000000000000000000000000000.0 2.0 167.2988 1.0 0.0
340282300000000000000000000000000000000.0 340282300000000000000000000000000000000.0 340282300000000000000000000000000000000.0 2.0 167.2988 1.0 0.0
340282300000000000000000000000000000000.0 340282300000000000000000000000000000000.0 340282300000000000000000000000000000000.0 2.0 167.2988 1.0 0.0
340282300000000000000000000000000000000.0 340282300000000000000000000000000000000.0 340282300000000000000000000000000000000.0 2.0 167.2988 1.0 0.0
340282300000000000000000000000000000000.0 340282300000000000000000000000000000000.0 340282300000000000000000000000000000000.0 2.0 167.2988 1.0 0.0
340282300000000000000000000000000000000.0 340282300000000000000000000000000000000.0 340282300000000000000000000000000000000.0 2.0 167.2988 1.0 0.0
340282300000000000000000000000000000000.0 340282300000000000000000000000000000000.0 340282300000000000000000000000000000000.0 2.0 167.2988 1.0 0.0
340282300000000000000000000000000000000.0 340282300000000000000000000000000000000.0 340282300000000000000000000000000000000.0 2.0 167.2988 1.0 0.0
340282300000000000000000000000000000000.0 340282300000000000000000000000000000000.0 340282300000000000000000000000000000000.0 2.0 167.2988 1.0 0.0
340282300000000000000000000000000000000.0 340282300000000000000000000000000000000.0 340282300000000000000000000000000000000.0 2.0 167.2988 1.0 0.0
340282300000000000000000000000000000000.0 340282300000000000000000000000000000000.0 340282300000000000000000000000000000000.0 2.0 167.2988 1.0 0.0
340282300000000000000000000000000000000.0 340282300000000000000000000000000000000.0 340282300000000000000000000000000000000.0 2.0 167.2988 1.0 0.0
340282300000000000000000000000000000000.0 340282300000000000000000000000000000000.0 340282300000000000000000000000000000000.0 2.0 167.2988 1.0 0.0
340282300000000000000000000000000000000.0 340282300000000000000000000000000000000.0 340282300000000000000000000000000000000.0 2.0 167.2988 1.0 0.0
340282300000000000000000000000000000000.0 340282300000000000000000000000000000000.0 340282300000000000000000000000000000000.0 2.0 167.2988 1.0 0.0
340282300000000000000000000000000000000.0 340282300000000000000000000000000000000.0 340282300000000000000000000000000000000.0 2.0 167.2988 1.0 0.0
340282300000000000000000000000000000000.0 340282300000000000000000000000000000000.0 340282300000000000000000000000000000000.0 2.0 167.2988 1.0 0.0
340282300000000000000000000000000000000.0 340282300000000000000000000000000000000.0 340282300000000000000000000000000000000.0 2.0 167.2988 1.0 0.0
340282300000000000000000000000000000000.0 340282300000000000000000000000000000000.0 340282300000000000000000000000000000000.0 2.0 167.2988 1.0 0.0
340282300000000000000000000000000000000.0 340282300000000000000000000000000000000.0 340282300000000000000000000000000000000.0 2.0 167.2988 1.0 0.0
340282300000000000000000000000000000000.0 340282300000000000000000000000000000000.0 340282300000000000000000000000000000000.0 2.0 167.2988 1.0 0.0
340282300000000000000000000000000000000.0 340282300000000000000000000000000000000.0 340282300000000000000000000000000000000.0 2.0 167.2988 1.0 0.0
340282300000000000000000000000000000000.0 340282300000000000000000000000000000000.0 340282300000000000000000000000000000000.0 2.0 167.2988 1.0 0.0
340282300000000000000000000000000000000.0 340282300000000000000000000000000000000.0 340282300000000000000000000000000000000.0 2.0 167.2988 1.0 0.0
340282300000000000000000000000000000000.0 340282300000000000000000000000000000000.0 340282300000000000000000000000000000000.0 2.0 167.2988 1.0 0.0
4.4 340282300000000000000000000000000000000.0 340282300000000000000000000000000000000.0 2.0 167.2988 1.0 0.0
4.2 340282300000000000000000000000000000000.0 340282300000000000000000000000000000000.0 2.0 167.2988 1.0 0.0
3.9 340282300000000000000000000000000000000.0 340282300000000000000000000000000000000.0 2.0 167.2988 1.0 0.0
3.7 340282300000000000000000000000000000000.0 340282300000000000000000000000000000000.0 2.0 167.2988 1.0 0.0
3.6 340282300000000000000000000000000000000.0 340282300000000000000000000000000000000.0 2.0 167.2988 1.0 0.0
3.4 340282300000000000000000000000000000000.0 340282300000000000000000000000000000000.0 2.0 167.2988 1.0 0.0
3.3 340282300000000000000000000000000000000.0 340282300000000000000000000000000000000.0 2.0 167.2988 1.0 0.0
3.2 340282300000000000000000000000000000000.0 340282300000000000000000000000000000000.0 2.0 167.2988 1.0 0.0
3.2 340282300000000000000000000000000000000.0 340282300000000000000000000000000000000.0 2.0 167.2988 1.0 0.0
3.1 340282300000000000000000000000000000000.0 340282300000000000000000000000000000000.0 2.0 167.2988 1.0 0.0
3.1 4.2 340282300000000000000000000000000000000.0 2.0 167.2988 1.0 0.0
3.0 3.9 340282300000000000000000000000000000000.0 1.9 7.754059 1.0 0.0
340282300000000000000000000000000000000.0 3.6 340282300000000000000000000000000000000.0 1.9 4.926865 1.0 0.0
340282300000000000000000000000000000000.0 3.4 340282300000000000000000000000000000000.0 1.8 0.05743408 1.0 0.0
340282300000000000000000000000000000000.0 3.2 340282300000000000000000000000000000000.0 1.7 357.0315 1.0 0.0
340282300000000000000000000000000000000.0 3.0 340282300000000000000000000000000000000.0 1.7 351.793 1.0 0.0
340282300000000000000000000000000000000.0 2.9 340282300000000000000000000000000000000.0 1.6 348.5209 1.0 0.0
340282300000000000000000000000000000000.0 2.7 340282300000000000000000000000000000000.0 1.5 342.827 1.0 0.0
340282300000000000000000000000000000000.0 2.6 340282300000000000000000000000000000000.0 1.5 338.0331 1.0 0.0
340282300000000000000000000000000000000.0 2.5 340282300000000000000000000000000000000.0 1.4 333.0051 1.0 0.0
340282300000000000000000000000000000000.0 2.5 3.7 1.4 327.7229 1.0 0.0
340282300000000000000000000000000000000.0 2.4 3.3 1.3 322.1687 1.0 0.0
340282300000000000000000000000000000000.0 2.4 3.1 1.3 316.3283 1.0 0.0
340282300000000000000000000000000000000.0 2.3 2.8 1.2 308.6143 1.0 0.0
340282300000000000000000000000000000000.0 340282300000000000000000000000000000000.0 2.6 1.2 302.1164 1.0 0.0
340282300000000000000000000000000000000.0 340282300000000000000000000000000000000.0 2.4 1.1 295.3464 1.0 0.0
340282300000000000000000000000000000000.0 340282300000000000000000000000000000000.0 2.2 1.1 288.3381 1.0 0.0
340282300000000000000000000000000000000.0 340282300000000000000000000000000000000.0 2.1 1.1 279.3204 1.0 0.0
340282300000000000000000000000000000000.0 340282300000000000000000000000000000000.0 2.0 1.1 273.822 1.0 0.0
340282300000000000000000000000000000000.0 340282300000000000000000000000000000000.0 1.9 1.1 266.4554 1.0 0.0
340282300000000000000000000000000000000.0 340282300000000000000000000000000000000.0 1.8 1.1 257.3031 1.0 0.0
340282300000000000000000000000000000000.0 340282300000000000000000000000000000000.0 1.8 1.1 248.3506 1.0 0.0
